  1   9999516735543.    
  2   20263688.83464    
  3  0.2639480781665E+14
  4   26788409.28096    
  5   194008648.2739    
  6   25264.15027424    
  7   19079.38812186    
  8   105280.9140636    
  9   86.31588591242    
 10   46970.54341662    
 11   86445.68047653    
 12   534.0345815277    
 13   55.17934940489    
 14   121.4390679480    
 15  0.1555848910500E-02
 16   548.3815990516    
 17   9973596576918.    
 18   20297802.39185    
 19  0.1321171989734E+15
 20   134116032.5333    
 21   967921016.0117    
 22   125658.3819251    
 23   474486.3076783    
 24   1630601.826479    
 25   1340.454935616    
 26   3593208.353244    
 27   5679315.983069    
 28   32120.03194767    
 29   18175.17304191    
 30   19299.35856517    
 31   2.553879794811    
 32   435366.9024871    
 33   9992723540713.    
 34   20238702.71033    
 35  0.2634791881008E+16
 36   2678312952.521    
 37   17118345125.77    
 38   2089730.775878    
 39   167891848.8224    
 40   30875343.09397    
 41   27361.36790691    
 42   1308559051.154    
 43   927253283.3575    
 44   1380292.063482    
 45   59267498.37634    
 46   1435002.408046    
 47   166934.5429074    
 48   647105697.6952    
 49  0.2158342080848E+14
 50   94221255.06209    
 51  0.2641814172886E+14
 52   57742008.81703    
 53   899119689.1845    
 54   252445.3602729    
 55   88492.07195962    
 56   973235.4212713    
 57   1716.450142529    
 58   423944.5711291    
 59   1644716.067299    
 60   21888.36040947    
 61   1054.048413776    
 62   4985.151374644    
 63  0.2966573544584E-01
 64   10908.50446661    
 65  0.2153765836019E+14
 66   94024917.50584    
 67  0.1320983824039E+15
 68   288885547.3883    
 69   4461544466.374    
 70   1245365.369813    
 71   2191675.733752    
 72   10263591.39711    
 73   18328.63762438    
 74   21426782.54015    
 75   61981552.49688    
 76   755076.8919921    
 77   198024.5263934    
 78   451095.1812487    
 79   27.92614611872    
 80   4932906.626499    
 81  0.2155774894376E+14
 82   94088480.48102    
 83  0.2642304737745E+16
 84   5782154327.059    
 85   69573899405.58    
 86   18217030.89911    
 87   681914700.1642    
 88   127681471.7778    
 89   292021.7627055    
 90   4920371371.769    
 91   4387641804.017    
 92   14070746.77567    
 93   280619874.3736    
 94   14509239.85615    
 95   790057.4711001    
 96   3170736403.318    
 97  0.4652598695256E+14
 98   437827311.4298    
 99  0.2638438597929E+14
100   124382485.9793    
101   4175116924.861    
102   2518591.774518    
103   409881.1916712    
104   8240736.613209    
105   31455.79536981    
106   3387592.946169    
107   27372634.68226    
108   782585.4356416    
109   17476.31736060    
110   178199.8345144    
111  0.4908725783267    
112   184901.9104632    
113  0.4649295858762E+14
114   436825551.2312    
115  0.1318789345523E+15
116   622458392.8092    
117   20336309441.52    
118   12198201.76237    
119   9972867.689581    
120   54197245.56237    
121   215013.7417164    
122   98137268.17194    
123   462598187.1977    
124   12159540.59898    
125   1477233.129972    
126   7239278.316636    
127   208.1600509229    
128   37444232.85562    
129  0.4636264598374E+14
130   436758504.8004    
131  0.2638273415859E+16
132   12430668276.21    
133   251373983463.4    
134   142090938.3185    
135   2463991445.105    
136   526133651.2818    
137   3079597.750391    
138   16790118880.66    
139   17105529304.79    
140   118008085.7392    
141   1091618993.936    
142   121808816.0277    
143   3071845.558250    
144   12538274039.30    
145  0.1000162209213E+15
146   2028503608.747    
147  0.2642798517151E+14
148   268086909.5599    
149   19232989005.85    
150   25024840.95757    
151   1889693.749664    
152   61871368.07474    
153   511327.2557660    
154   21905824.99869    
155   352920269.9145    
156   21800267.08086    
157   225793.7450616    
158   4970646.862314    
159   6.366007948486    
160   2414587.700827    
161  0.1001123125142E+15
162   2025415640.367    
163  0.1321277961968E+15
164   1340151968.394    
165   90186202704.62    
166   116697365.4020    
167   44226344.34489    
168   299925834.7266    
169   2669484.965499    
170   399284844.8666    
171   2659213292.845    
172   150765529.2416    
173   8494542.800549    
174   90058098.83351    
175   1197.553935643    
176   218291702.2985    
177  0.9982095154677E+14
178   2026011382.333    
179  0.2642066892301E+16
180   26780128827.70    
181   780056568572.8    
182   949905609.0220    
183   7648069361.167    
184   2178317867.993    
185   28508337.45522    
186   50555340945.32    
187   54983716177.98    
188   818828336.1523    
189   3518542917.007    
190   847684066.0505    
191   9920582.460829    
192   40811585989.71    
193  0.2153706112452E+15
194   9412432474.253    
195  0.2639214422034E+14
196   577762355.6918    
197   87614269471.41    
198   244674811.7527    
199   8598108.628276    
200   436526036.1472    
201   7864797.945899    
202   109490084.3438    
203   3284836601.808    
204   437084350.9437    
205   2094816.561233    
206   100286808.4665    
207   59.07870880130    
208   22693434.75484    
209  0.2156391940156E+15
210   9397698959.428    
211  0.1320595490926E+15
212   2886869701.713    
213   374009048170.9    
214   1045672129.043    
215   183854031.7700    
216   1946247907.318    
217   38320425.19300    
218   1585800199.950    
219   13115923366.94    
220   1601535726.286    
221   41876195.39499    
222   959402011.1310    
223   5885.275361196    
224   1082696243.181    
225  0.2155421199599E+15
226   9384572426.944    
227  0.2639508143197E+16
228   57742432322.79    
229   2094167864404.    
230   5487710985.851    
231   20514227609.31    
232   9137818162.007    
233   227108978.8984    
234   132656833278.7    
235   150667388263.7    
236   4834946309.387    
237   9598625759.303    
238   5011180072.201    
239   27064827.67171    
240   112227769767.7    
241  0.4639076021091E+15
242   43658146263.11    
243  0.2639487038126E+14
244   1243282263.828    
245   382716945953.9    
246   2303061954.447    
247   37585032.00181    
248   3378528040.362    
249   131569661.5193    
250   450379544.8298    
251   22460725748.20    
252   6444193939.304    
253   14343511.11376    
254   1502780296.781    
255   403.3881288224    
256   158256268.7407    
257  0.4642125826419E+15
258   43717481414.98    
259  0.1319760857671E+15
260   6226293604.217    
261   1354744357757.    
262   8138131531.297    
263   664569251.1680    
264   13268008175.81    
265   553549354.7694    
266   5759939022.532    
267   54123522311.13    
268   14263244355.31    
269   172753159.6478    
270   8632558964.500    
271   24266.11525346    
272   4523642078.820    
273  0.4637107721448E+15
274   43588255078.13    
275  0.2636840806205E+16
276   124488437281.7    
277   5069848690598.    
278   28607978908.91    
279   49590247616.08    
280   39032834201.13    
281   1705790513.125    
282   313654690525.1    
283   368488526007.1    
284   25418951277.08    
285   23380377206.24    
286   26370669300.21    
287   66025013.66618    
288   274676486047.1    
289  0.5000545193946E+14
290   506739935.9193    
291  0.2642666033078E+14
292   134192045.2611    
293   4850493431.750    
294   3144976.842563    
295   475623.3256407    
296   10073914.39708    
297   41466.55824267    
298   4106225.614387    
299   35481837.14435    
300   1096573.037547    
301   22700.79917212    
302   249088.2097454    
303  0.6402033574767    
304   240088.5719384    
305  0.4992793020789E+14
306   507425954.8066    
307  0.1321215653390E+15
308   670499986.9040    
309   23510092376.17    
310   15241171.78459    
311   11538783.28228    
312   63692528.25767    
313   273421.6672458    
314   112757893.2582    
315   552827640.0056    
316   15615886.91063    
317   1766564.747235    
318   9336091.800806    
319   248.7008937914    
320   44885897.61227    
321  0.5007047744138E+14
322   505461693.0174    
323  0.2639925503217E+16
324   13399359543.56    
325   282882148924.6    
326   171805965.5792    
327   2776684665.437    
328   602947210.8121    
329   3846455.546670    
330   18758494941.54    
331   19291467940.29    
332   143851096.3619    
333   1231510319.672    
334   148091259.4353    
335   3464670.165618    
336   14199706110.54    
