180.000100000000
360.000100000000
540.000100000000
720.000100000000
900.000100000000
1080.00010000000
1260.00010000000
1440.00010000000
1620.00010000000
1800.00010000000
1980.00010000000
2160.00010000000
2340.00010000000
2520.00010000000
2700.00010000000
2880.00010000000
3060.00010000000
3240.00010000000
3420.00010000000
3600.00010000000
3780.00010000000
3960.00010000000
4140.00010000000
4320.00010000000
4500.00010000000
4680.00010000000
4860.00010000000
5040.00010000000
5220.00010000000
5400.00010000000
5580.00010000000
5760.00010000000
5940.00010000000
6120.00010000000
6300.00010000000
6480.00010000000
6660.00010000000
6840.00010000000
7020.00010000000
7200.00010000000
7380.00010000000
7560.00010000000
7740.00010000000
7920.00010000000
8100.00010000000
8280.00010000000
8460.00010000000
8640.00010000000
8820.00010000000
9000.00010000000
9180.00010000000
9360.00010000000
9540.00010000000
9720.00010000000
9900.00010000000
10080.0001000000