90.0
180.0
270.0
360.0
450.0
540.0
630.0
720.0
810.0
900.0
990.0
1080.0
1170.0
1260.0
1350.0
1440.0
1530.0
1620.0
1710.0
1800.0
1890.0
1980.0
2070.0
2160.0
2250.0
2340.0
2430.0
2520.0
2610.0
2700.0
2790.0
2880.0
2970.0
3060.0
3150.0
3240.0
3330.0
3420.0
3510.0
3600.0
3690.0
3780.0
3870.0
3960.0
4050.0
4140.0
4230.0
4320.0
4410.0
4500.0
4590.0
4680.0
4770.0
4860.0
4950.0
5040.0
5130.0
5220.0
5310.0
5400.0
5490.0
5580.0
5670.0
5760.0
5850.0
5940.0
6030.0
6120.0
6210.0
6300.0
6390.0
6480.0
6570.0
6660.0
6750.0
6840.0
6930.0
7020.0
7110.0
7200.0
7290.0
7380.0
7470.0
7560.0
7650.0
7740.0
7830.0
7920.0
8010.0
8100.0
8190.0
8280.0
8370.0
8460.0
8550.0
8640.0
8730.0
8820.0
8910.0
9000.0
9090.0
9180.0
9270.0
9360.0
9450.0
9540.0
9630.0
9720.0
9810.0
9900.0
9990.0
10080.0