% example data set
1	9999516735543.00
2	20263688.8346400
3	26394807816650.0
4	26788409.2809600
5	194008648.273900
6	25264.1502742400
7	19079.3881218600
8	105280.914063600
9	86.3158859124200
10	46970.5434166200
11	86445.6804765300
12	534.034581527700
13	55.1793494048900
14	121.439067948000
15	0.00155584891050000
16	548.381599051600
17	1
18	9973596576918.00
19	20297802.3918500
20	132117198973400
21	134116032.533300
22	967921016.011700
23	125658.381925100
24	474486.307678300
25	1630601.82647900
26	1340.45493561600
27	3593208.35324400
28	5679315.98306900
29	32120.0319476700
30	18175.1730419100
31	19299.3585651700
32	2.55387979481100
33	435366.902487100
34	1
35	9992723540713.00
36	20238702.7103300
37	2.63479188100800e+15
38	2678312952.52100
39	17118345125.7700
40	2089730.77587800
41	167891848.822400
42	30875343.0939700
43	27361.3679069100
44	1308559051.15400
45	927253283.357500
46	1380292.06348200
47	59267498.3763400
48	1435002.40804600
49	166934.542907400
50	647105697.695200
51	1
52	21583420808480.0
53	94221255.0620900
54	26418141728860.0
55	57742008.8170300
56	899119689.184500
57	252445.360272900
58	88492.0719596200
59	973235.421271300
60	1716.45014252900
61	423944.571129100
62	1644716.06729900
63	21888.3604094700
64	1054.04841377600
65	4985.15137464400
66	0.0296657354458400
67	10908.5044666100
68	1
69	21537658360190.0
70	94024917.5058400
71	132098382403900
72	288885547.388300
73	4461544466.37400
74	1245365.36981300
75	2191675.73375200
76	10263591.3971100
77	18328.6376243800
78	21426782.5401500
79	61981552.4968800
80	755076.891992100
81	198024.526393400
82	451095.181248700
83	27.9261461187200
84	4932906.62649900
85	1
86	21557748943760.0
87	94088480.4810200
88	2.64230473774500e+15
89	5782154327.05900
90	69573899405.5800
91	18217030.8991100
92	681914700.164200
93	127681471.777800
94	292021.762705500
95	4920371371.76900
96	4387641804.01700
97	14070746.7756700
98	280619874.373600
99	14509239.8561500
100	790057.471100100
101	3170736403.31800
102	1
103	46525986952560.0
104	437827311.429800
105	26384385979290.0
106	124382485.979300
107	4175116924.86100
108	2518591.77451800
109	409881.191671200
110	8240736.61320900
111	31455.7953698100
112	3387592.94616900
113	27372634.6822600
114	782585.435641600
115	17476.3173606000
116	178199.834514400
117	0.490872578326700
118	184901.910463200
119	1
120	46492958587620.0
121	436825551.231200
122	131878934552300
123	622458392.809200
124	20336309441.5200
125	12198201.7623700
126	9972867.68958100
127	54197245.5623700
128	215013.741716400
129	98137268.1719400
130	462598187.197700
131	12159540.5989800
132	1477233.12997200
133	7239278.31663600
134	208.160050922900
135	37444232.8556200
136	1
137	46362645983740.0
138	436758504.800400
139	2.63827341585900e+15
140	12430668276.2100
141	251373983463.400
142	142090938.318500
143	2463991445.10500
144	526133651.281800
145	3079597.75039100
146	16790118880.6600
147	17105529304.7900
148	118008085.739200
149	1091618993.93600
150	121808816.027700
151	3071845.55825000
152	12538274039.3000
153	1
154	100016220921300
155	2028503608.74700
156	26427985171510.0
157	268086909.559900
158	19232989005.8500
159	25024840.9575700
160	1889693.74966400
161	61871368.0747400
162	511327.255766000
163	21905824.9986900
164	352920269.914500
165	21800267.0808600
166	225793.745061600
167	4970646.86231400
168	6.36600794848600
169	2414587.70082700
170	1
171	100112312514200
172	2025415640.36700
173	132127796196800
174	1340151968.39400
175	90186202704.6200
176	116697365.402000
177	44226344.3448900
178	299925834.726600
179	2669484.96549900
180	399284844.866600
181	2659213292.84500
182	150765529.241600
183	8494542.80054900
184	90058098.8335100
185	1197.55393564300
186	218291702.298500
187	1
188	99820951546770.0
189	2026011382.33300
190	2.64206689230100e+15
191	26780128827.7000
192	780056568572.800
193	949905609.022000
194	7648069361.16700
195	2178317867.99300
196	28508337.4552200
197	50555340945.3200
198	54983716177.9800
199	818828336.152300
200	3518542917.00700
201	847684066.050500
202	9920582.46082900
203	40811585989.7100
204	1
205	215370611245200
206	9412432474.25300
207	26392144220340.0
208	577762355.691800
209	87614269471.4100
210	244674811.752700
211	8598108.62827600
212	436526036.147200
213	7864797.94589900
214	109490084.343800
215	3284836601.80800
216	437084350.943700
217	2094816.56123300
218	100286808.466500
219	59.0787088013000
220	22693434.7548400
221	1
222	215639194015600
223	9397698959.42800
224	132059549092600
225	2886869701.71300
226	374009048170.900
227	1045672129.04300
228	183854031.770000
229	1946247907.31800
230	38320425.1930000
231	1585800199.95000
232	13115923366.9400
233	1601535726.28600
234	41876195.3949900
235	959402011.131000
236	5885.27536119600
237	1082696243.18100
238	1
239	215542119959900
240	9384572426.94400
241	2.63950814319700e+15
242	57742432322.7900
243	2094167864404.00
244	5487710985.85100
245	20514227609.3100
246	9137818162.00700
247	227108978.898400
248	132656833278.700
249	150667388263.700
250	4834946309.38700
251	9598625759.30300
252	5011180072.20100
253	27064827.6717100
254	112227769767.700
255	1
256	463907602109100
257	43658146263.1100
258	26394870381260.0
259	1243282263.82800
260	382716945953.900
261	2303061954.44700
262	37585032.0018100
263	3378528040.36200
264	131569661.519300
265	450379544.829800
266	22460725748.2000
267	6444193939.30400
268	14343511.1137600
269	1502780296.78100
270	403.388128822400
271	158256268.740700
272	1
273	464212582641900
274	43717481414.9800
275	131976085767100
276	6226293604.21700
277	1354744357757.00
278	8138131531.29700
279	664569251.168000
280	13268008175.8100
281	553549354.769400
282	5759939022.53200
283	54123522311.1300
284	14263244355.3100
285	172753159.647800
286	8632558964.50000
287	24266.1152534600
288	4523642078.82000
289	1
290	463710772144800
291	43588255078.1300
292	2.63684080620500e+15
293	124488437281.700
294	5069848690598.00
295	28607978908.9100
296	49590247616.0800
297	39032834201.1300
298	1705790513.12500
299	313654690525.100
300	368488526007.100
301	25418951277.0800
302	23380377206.2400
303	26370669300.2100
304	66025013.6661800
305	274676486047.100
306	1
307	50005451939460.0
308	506739935.919300
309	26426660330780.0
310	134192045.261100
311	4850493431.75000
312	3144976.84256300
313	475623.325640700
314	10073914.3970800
315	41466.5582426700
316	4106225.61438700
317	35481837.1443500
318	1096573.03754700
319	22700.7991721200
320	249088.209745400
321	0.640203357476700
322	240088.571938400
323	1
324	49927930207890.0
325	507425954.806600
326	132121565339000
327	670499986.904000
328	23510092376.1700
329	15241171.7845900
330	11538783.2822800
331	63692528.2576700
332	273421.667245800
333	112757893.258200
334	552827640.005600
335	15615886.9106300
336	1766564.74723500
337	9336091.80080600
338	248.700893791400
339	44885897.6122700
340	1
341	50070477441380.0
342	505461693.017400
343	2.63992550321700e+15
344	13399359543.5600
345	282882148924.600
346	171805965.579200
347	2776684665.43700
348	602947210.812100
349	3846455.54667000
350	18758494941.5400
351	19291467940.2900
352	143851096.361900
353	1231510319.67200
354	148091259.435300
355	3464670.16561800
356	14199706110.5400
357	1