           1   9990850137371.64     
           2   20286811.9978341     
           3   26444714479508.0     
           4   26809035.5301664     
           5   194254585.169373     
           6   25280.9319054281     
           7   19046.2180249481     
           8   105396.767958558     
           9   95.5083284426124     
          10   46948.1178301544     
          11   86295.9851120075     
          12   533.577408716436     
          13   55.1987740049859     
          14   121.403769239108     
          15  1.557441068745873E-003
          16   549.251336546449     
          17   1.00000000000000     
          18   10007902728586.9     
          19   20262989.9057983     
          20   132200379300950.     
          21   133940088.998703     
          22   966818120.388820     
          23   125828.631118396     
          24   475499.512357540     
          25   1632327.26742255     
          26   1480.67739012111     
          27   3590049.72548489     
          28   5684454.92461942     
          29   32265.9744690810     
          30   18192.3972003941     
          31   19328.5741325037     
          32   2.56190186931996     
          33   436204.627480693     
          34   1.00000000000000     
          35   9979509299411.23     
          36   20268191.4982160     
          37  2.639949010642980E+015
          38   2677461027.29258     
          39   17089029712.1631     
          40   2094144.36442382     
          41   167919398.881647     
          42   30867706.5240281     
          43   29639.9522495433     
          44   1308012576.78003     
          45   927785463.831371     
          46   1380642.67278070     
          47   59293979.8871397     
          48   1438457.57428865     
          49   167538.201064779     
          50   647675185.025147     
          51   1.00000000000000     
          52   21543464965438.1     
          53   94008288.0088376     
          54   26379703640739.4     
          55   57865609.2271393     
          56   901033204.838874     
          57   252432.239677192     
          58   88448.1962302053     
          59   973373.057760660     
          60   1901.86953650162     
          61   424208.855502825     
          62   1648362.39417345     
          63   21956.7513370007     
          64   1052.61855479594     
          65   4987.82658158054     
          66  2.975229343608893E-002
          67   10885.2837049175     
          68   1.00000000000000     
          69   21581792814875.1     
          70   94181561.6495885     
          71   132141700627015.     
          72   288917164.022531     
          73   4461235785.03153     
          74   1245631.45407447     
          75   2190270.53305984     
          76   10246398.3066177     
          77   20331.0765532157     
          78   21435311.5488960     
          79   62006378.1674703     
          80   758093.277838336     
          81   198370.934986709     
          82   452041.199307628     
          83   27.9506337964219     
          84   4941515.28548024     
          85   1.00000000000000     
          86   21491629815208.1     
          87   93996733.7715599     
          88  2.640634348092519E+015
          89   5776017458.97240     
          90   69446921645.7810     
          91   18291569.7866864     
          92   682041098.939250     
          93   127414445.966146     
          94   315066.109373500     
          95   4911262014.65782     
          96   4395266493.35507     
          97   14095980.0957886     
          98   280925256.853981     
          99   14550730.4596942     
         100   791459.395043918     
         101   3169273162.74850     
         102   1.00000000000000     
         103   46379164412525.2     
         104   437006850.164526     
         105   26385316278840.4     
         106   124093653.751490     
         107   4174459325.85116     
         108   2519793.68082677     
         109   409754.796174831     
         110   8231915.18462884     
         111   34807.4737619759     
         112   3390301.79883302     
         113   27365168.7834032     
         114   785250.727083322     
         115   17494.9557514196     
         116   178282.800003981     
         117  0.493279635723350     
         118   184704.873707605     
         119   1.00000000000000     
         120   46408681296397.6     
         121   437430378.875483     
         122   132044707946601.     
         123   622510743.209327     
         124   20314535261.5337     
         125   12241647.4219569     
         126   9971376.41347339     
         127   54117348.8554574     
         128   237997.874854783     
         129   98114389.5194474     
         130   462537717.874449     
         131   12160104.4341631     
         132   1477585.34129327     
         133   7248071.34979856     
         134   208.431217008624     
         135   37467277.7180338     
         136   1.00000000000000     
         137   46491883121357.8     
         138   436561581.213332     
         139  2.641363319566230E+015
         140   12451526809.7756     
         141   251237276309.191     
         142   142121937.223502     
         143   2460040026.38483     
         144   524792804.996080     
         145   3309658.54939354     
         146   16747876724.2036     
         147   17084544819.5723     
         148   118054601.120251     
         149   1091045600.54090     
         150   121758549.371752     
         151   3079220.57494217     
         152   12537951798.1762     
         153   1.00000000000000     
         154   100107008430316.     
         155   2027417055.24409     
         156   26422477804087.7     
         157   268587554.909636     
         158   19265774359.7147     
         159   25049948.1976590     
         160   1888122.30618868     
         161   61686049.4085919     
         162   564469.133135598     
         163   21984647.2954929     
         164   353560556.285231     
         165   21868674.5496938     
         166   225796.333030857     
         167   4978638.22001994     
         168   6.35906885584189     
         169   2412816.58670720     
         170   1.00000000000000     
         171   100002338107958.     
         172   2028693272.05642     
         173   131982233919528.     
         174   1340797316.62429     
         175   90125358581.0647     
         176   116933982.171028     
         177   44150387.9908686     
         178   299468918.057378     
         179   2950395.48532277     
         180   399502203.013777     
         181   2660349324.08959     
         182   150756623.069757     
         183   8507623.08966728     
         184   89994746.2201044     
         185   1201.80434966331     
         186   217954170.683817     
         187   1.00000000000000     
         188   100138063883791.     
         189   2021671974.54325     
         190  2.643168640603715E+015
         191   26776675212.9848     
         192   779128338738.604     
         193   950886721.722614     
         194   7656909730.41201     
         195   2175135500.63312     
         196   30507887.7469693     
         197   50340060897.9963     
         198   55114974686.5971     
         199   819870439.865742     
         200   3516723242.66012     
         201   847388465.000199     
         202   9911187.98000137     
         203   40901774414.1738     
         204   1.00000000000000     
         205   215092995794870.     
         206   9406966859.91158     
         207   26381731894729.3     
         208   577134970.923620     
         209   87711023277.7319     
         210   245582302.611094     
         211   8599606.30267208     
         212   436336197.037197     
         213   8683378.68736605     
         214   109589770.509364     
         215   3283575801.81887     
         216   438316344.339573     
         217   2101371.87478193     
         218   100299432.242888     
         219   59.2238616996262     
         220   22688806.0193293     
         221   1.00000000000000     
         222   215587278297252.     
         223   9416136932.63208     
         224   132071352404496.     
         225   2885571076.61516     
         226   373862127669.930     
         227   1045732111.65320     
         228   183681014.041231     
         229   1939061069.49857     
         230   42243734.6536136     
         231   1583113268.37848     
         232   13110444728.6318     
         233   1602614757.19465     
         234   41818662.0427753     
         235   960835438.983621     
         236   5891.13901951742     
         237   1086909016.65823     
         238   1.00000000000000     
         239   215280998495127.     
         240   9394350055.73344     
         241  2.637566908821928E+015
         242   57758846886.0932     
         243   2088716350885.77     
         244   5501588768.22394     
         245   20451305424.2065     
         246   9103242831.58346     
         247   243647210.392197     
         248   132253801346.992     
         249   150844953348.297     
         250   4833636329.61613     
         251   9609511239.43342     
         252   5014512808.07779     
         253   27030559.1746311     
         254   112094620676.495     
         255   1.00000000000000     
         256   463634163712509.     
         257   43691820629.3506     
         258   26362830565486.8     
         259   1241672789.40655     
         260   382556634216.293     
         261   2307193711.40970     
         262   37434992.0894712     
         263   3371669879.68309     
         264   145234077.789686     
         265   450289741.248046     
         266   22493046767.2558     
         267   6460623017.55660     
         268   14367264.8473294     
         269   1506881559.36122     
         270   405.970059798642     
         271   158347698.743409     
         272   1.00000000000000     
         273   465008734335940.     
         274   43704581479.2418     
         275   132084969367585.     
         276   6225223437.15143     
         277   1352895044803.50     
         278   8150142737.86510     
         279   663624397.427639     
         280   13189856380.0245     
         281   610767491.736823     
         282   5739962186.91539     
         283   54073582875.7288     
         284   14305050048.3162     
         285   172462754.221333     
         286   8632366063.85607     
         287   24323.7253596772     
         288   4524511096.52919     
         289   1.00000000000000     
         290   463598750488876.     
         291   43596008258.6211     
         292  2.637416203409688E+015
         293   124582290937.226     
         294   5060641212681.70     
         295   28608588948.9758     
         296   49600496719.9631     
         297   38853153011.4010     
         298   1828147580.34849     
         299   313183348118.166     
         300   368361432879.319     
         301   25447439688.5321     
         302   23412689456.8522     
         303   26463061855.4558     
         304   65807915.5596076     
         305   274838901812.997     
         306   1.00000000000000     
         307   50087254372434.5     
         308   507143389.891389     
         309   26398187021977.9     
         310   133977940.822172     
         311   4847716221.76614     
         312   3144214.89068366     
         313   475215.773007766     
         314   10044468.6938493     
         315   45855.1778616847     
         316   4100908.93782429     
         317   35487516.4270632     
         318   1098099.28228180     
         319   22735.7291121865     
         320   249090.188413727     
         321  0.640884175772494     
         322   239934.037215681     
         323   1.00000000000000     
         324   49970614187673.5     
         325   505985236.322162     
         326   132061502475266.     
         327   671199654.393350     
         328   23473339679.6150     
         329   15267566.9765204     
         330   11537452.6642988     
         331   63519746.6937034     
         332   301523.734685365     
         333   112715800.000307     
         334   552870706.336038     
         335   15660793.0867821     
         336   1766618.59331892     
         337   9337682.68330497     
         338   249.428415531821     
         339   44944751.9974243     
         340   1.00000000000000     
         341   49932925515095.1     
         342   506062666.202757     
         343  2.639235162119960E+015
         344   13418871498.7492     
         345   282209974064.466     
         346   172113755.625936     
         347   2772871044.07444     
         348   602707780.208814     
         349   4131192.48540486     
         350   18775856210.7070     
         351   19286159536.3134     
         352   143776588.165847     
         353   1232723063.08372     
         354   148205401.661851     
         355   3472686.03811699     
         356   14175331324.9742     
         357   1.00000000000000     
         358   9998648015469.48     
         359   4524152.36245889     
         360   26400437428659.4     
         361   7027848.31401241     
         362   5807863.29942961     
         363   127.537855037034     
         364   110.547388227645     
         365   71.3198910613232     
         366  9.220867443016284E-003
         367   4.08675205665416     
         368  0.789749024541062     
         369  6.659869060779767E-004
         370  1.003365033081778E-004
         371  2.681710058644818E-005
         372  4.352713048907479E-010
         373  9.898594746325747E-005
         374   1.00000000000000     
         375   9994436065303.87     
         376   4530213.34740313     
         377   132280004528839.     
         378   35056743.7828180     
         379   29076388.0142783     
         380   638.498140113500     
         381   2764.27119037523     
         382   1778.98394793499     
         383  0.230356168395906     
         384   510.135652155595     
         385   98.3146217066004     
         386  8.253981207506374E-002
         387  6.238886935747521E-002
         388  1.476053142827060E-002
         389  1.357869248821291E-006
         390  0.272015257910384     
         391   1.00000000000000     
         392   10005049870566.6     
         393   4522236.63837623     
         394  2.638005842815216E+015
         395   703062240.783700     
         396   581001717.219296     
         397   12759.0489862312     
         398   1105155.31110987     
         399   646767.704704617     
         400   83.5119424457271     
         401   3701084.80643348     
         402   678066.482115409     
         403   426.150931646291     
         404   8616.27667573410     
         405   414.605945351606     
         406   3.74594902758515     
         407   152377.988864117     
         408   1.00000000000000     
         409   21567607014217.2     
         410   20979053.6939567     
         411   26363747053180.7     
         412   15123819.7346409     
         413   26975743.1914883     
         414   1277.82093342348     
         415   514.134142195555     
         416   713.285752137768     
         417  0.198854260374732     
         418   40.8921534026584     
         419   16.9839075862447     
         420  3.094279168039362E-002
         421  2.157658219996552E-003
         422  1.242802028844962E-003
         423  9.402036577164556E-009
         424  2.450360577163247E-003
         425   1.00000000000000     
         426   21559878765846.5     
         427   20979150.7685378     
         428   131891992209720.     
         429   75719151.5933984     
         430   134941012.665251     
         431   6390.10674712296     
         432   12840.1829049250     
         433   17772.7013696506     
         434   4.95733813575228     
         435   5080.92684492421     
         436   2117.41353683722     
         437   3.82639939291289     
         438   1.34288096587041     
         439  0.673174664318958     
         440  2.919079664044963E-005
         441   6.62551879493176     
         442   1.00000000000000     
         443   21520608522250.8     
         444   20999445.6284463     
         445  2.640896428444102E+015
         446   1511891345.16788     
         447   2689756466.68925     
         448   127205.762866224     
         449   5116164.78451714     
         450   5825149.10935868     
         451   1617.05018287793     
         452   33203550.2236198     
         453   12352590.8959797     
         454   16592.9767144774     
         455   156821.426213204     
         456   14824.5880612007     
         457   68.1415784688030     
         458   2915971.81173086     
         459   1.00000000000000     
         460   46374815913060.1     
         461   97542294.5603872     
         462   26440479759150.9     
         463   32598414.5323465     
         464   125004237.390624     
         465   12774.2683527705     
         466   2382.86573966118     
         467   7128.80820752473     
         468   4.27567537075098     
         469   408.638705691623     
         470   365.414651960801     
         471   1.43009350791195     
         472  4.648848453332258E-002
         473  5.751816362509160E-002
         474  2.022339509139637E-007
         475  5.655039792185901E-002
         476   1.00000000000000     
         477   46410967366128.8     
         478   97413120.4860513     
         479   132041640616228.     
         480   163145521.194672     
         481   626425443.635525     
         482   63695.0709138779     
         483   59695.5655890282     
         484   177523.109747918     
         485   106.257205787363     
         486   50801.4084074240     
         487   45323.6210559714     
         488   176.750747947941     
         489   28.8047162814707     
         490   30.7694708275615     
         491  6.266274615956873E-004
         492   151.562695217691     
         493   1.00000000000000     
         494   46317698620188.3     
         495   97467296.0533243     
         496  2.639558256203219E+015
         497   3260766200.93681     
         498   12425630504.0188     
         499   1261993.35260893     
         500   23717152.2837659     
         501   41823451.6380977     
         502   25105.9854948089     
         503   236893987.234932     
         504   168897654.261526     
         505   487808.642586742     
         506   2145546.34460512     
         507   415048.564281951     
         508   932.748209822361     
         509   40802982.2796577     
         510   1.00000000000000     
         511   100096334229549.     
         512   452657636.966451     
         513   26371652304950.1     
         514   70207549.6730222     
         515   579565938.899577     
         516   127611.343157620     
         517   11052.8350792952     
         518   71161.1887211648     
         519   92.1487946017611     
         520   4072.00941103338     
         521   7860.06097389803     
         522   66.2843920940419     
         523  0.999371860652170     
         524   2.66785719688073     
         525  4.344350066472662E-006
         526   1.25847623841147     
         527   1.00000000000000     
         528   100013114631904.     
         529   452908878.751488     
         530   131970754999801.     
         531   350664538.705307     
         532   2907124429.39527     
         533   637798.363984501     
         534   276841.375539336     
         535   1766793.79962927     
         536   2283.57835604741     
         537   503458.297317671     
         538   965554.310995225     
         539   8112.28020162402     
         540   613.251482088747     
         541   1409.91519019966     
         542  1.332206241535574E-002
         543   3347.50544407209     
         544   1.00000000000000     
         545   99903901060716.9     
         546   452207528.834395     
         547  2.636191278129868E+015
         548   7011624603.76350     
         549   56891397781.5611     
         550   12377910.9601023     
         551   108326164.768985     
         552   213864887.729212     
         553   281562.546751118     
         554   1167696784.05712     
         555   1446712154.15851     
         556   9014954.76603138     
         557   18406327.2014995     
         558   7490742.58467687     
         559   8004.00942395552     
         560   354915370.305408     
         561   1.00000000000000     
         562   215502204666177.     
         563   2099441682.94595     
         564   26392113431957.3     
         565   151209408.421488     
         566   2698019826.71069     
         567   1276152.98415868     
         568   51302.3166052774     
         569   710312.824024787     
         570   1982.29800645196     
         571   40544.0103445740     
         572   168446.907776411     
         573   3061.83760905777     
         574   21.3933678635777     
         575   123.209534014425     
         576  9.311415460325732E-005
         577   27.5260644552866     
         578   1.00000000000000     
         579   215529847797278.     
         580   2099886598.85147     
         581   131977037311778.     
         582   756003618.343091     
         583   13474324469.9138     
         584   6379827.41328239     
         585   1284174.99234346     
         586   17407152.6001660     
         587   48569.4889274498     
         588   4941945.50789519     
         589   20217515.1715370     
         590   365812.496610745     
         591   12858.7571768569     
         592   63550.0443945860     
         593  0.279117703389227     
         594   70940.3566859582     
         595   1.00000000000000     
         596   215425163776785.     
         597   2096641566.74659     
         598  2.642293078041666E+015
         599   15134468396.2044     
         600   254263626404.245     
         601   118987601.630326     
         602   483492996.287422     
         603   903733056.853361     
         604   2723116.25762517     
         605   4502126220.93001     
         606   8505612317.20208     
         607   113485230.895083     
         608   107987052.410271     
         609   93654087.6669551     
         610   46919.4189069831     
         611   2095494738.34621     
         612   1.00000000000000     
         613   463590984354700.     
         614   9751604718.58753     
         615   26420954702590.2     
         616   325571577.628780     
         617   12490506429.2252     
         618   12743392.7469991     
         619   238284.359422255     
         620   7081696.20834591     
         621   42522.6264903672     
         622   401600.883621150     
         623   3588895.97583940     
         624   140589.992985578     
         625   455.596594409500     
         626   5670.47598052367     
         627  1.983172426985324E-003
         628   592.819481346206     
         629   1.00000000000000     
         630   463415685758626.     
         631   9742306578.40448     
         632   131859131210630.     
         633   1627160377.16270     
         634   62516285408.1255     
         635   63736246.7656630     
         636   5960232.27437013     
         637   166386102.950489     
         638   999420.696204049     
         639   46211427.6996727     
         640   399000964.663607     
         641   15602161.7405213     
         642   254090.396343601     
         643   2700405.51402226     
         644   5.50832050052752     
         645   1417398.15167186     
         646   1.00000000000000     
         647   463826781063830.     
         648   9737881213.50925     
         649  2.638834698374052E+015
         650   32571632890.6290     
         651   1080747045991.02     
         652   1090383697.82106     
         653   2057747561.57710     
         654   4070995034.07533     
         655   29225765.9421767     
         656   16381120333.9706     
         657   40872407621.9383     
         658   1176766450.40095     
         659   519875402.525828     
         660   972022834.136960     
         661   225778.074169550     
         662   10168612229.9285     
         663   1.00000000000000     
         664   50035799709505.7     
         665   113221785.990620     
         666   26382188449398.8     
         667   35136707.8726184     
         668   145326595.343280     
         669   15971.9128148891     
         670   2765.65155726959     
         671   8908.73212699539     
         672   5.75062661852133     
         673   510.121274820363     
         674   492.107862319879     
         675   2.07735738272982     
         676  6.262126464116391E-002
         677  8.338336630622743E-002
         678  2.718186066603999E-007
         679  7.664886296032829E-002
         680   1.00000000000000     
         681   50019289983300.8     
         682   112882867.900793     
         683   131952853670938.     
         684   175389672.426391     
         685   726334536.534188     
         686   79714.1395959665     
         687   69197.6526310268     
         688   221588.972253566     
         689   143.264946172679     
         690   63476.9010711005     
         691   61006.9078345919     
         692   256.068698106711     
         693   38.8337489053693     
         694   44.7066394154746     
         695  8.408327760864146E-004
         696   204.762658273511     
         697   1.00000000000000     
         698   49997134794020.1     
         699   113115907.780397     
         700  2.641982872268439E+015
         701   3509217105.12484     
         702   14419220619.2481     
         703   1576785.44406192     
         704   27494409.2602345     
         705   49841360.0905020     
         706   32210.3517127451     
         707   281343430.994028     
         708   212619101.041039     
         709   660837.729990080     
         710   2704976.80884631     
         711   561502.607511610     
         712   1174.11997114745     
         713   51566231.8366131     
         714   1.00000000000000     
